151776 49992
230665 49989
279684 49983
127313 49978
52106 49963
66173 49962
41761 49960
47794 49952
225516 49948
111267 49933
176659 49918
80098 49891
285732 49890
36862 49884
127744 49875
205662 49864
279202 49859
169192 49843
37952 49815
132129 49810
229486 49810
138935 49796
169622 49752
137963 49747
198918 49735
207633 49730
203636 49701
257829 49689
219037 49688
51651 49681
192199 49653
46696 49603
213921 49584
31324 49580
281081 49570
102957 49564
225390 49556
101100 49548
230448 49527
50344 49515
60362 49502
242008 49484
105429 49467
121473 49458
135952 49457
230930 49456
210350 49455
239799 49405
174126 49404
39999 49393
263112 49381
71648 49376
90047 49376
196205 49376
186078 49363
155969 49354
217565 49340
246935 49334
4864 49333
230804 49322
36626 49304
132977 49289
97341 49289
16433 49272
167008 49264
155960 49260
212824 49259
235735 49256
268850 49246
97836 49240
95167 49234
103368 49233
124938 49222
148414 49222
261846 49207
183131 49207
72206 49185
96335 49164
225461 49150
294280 49146
131120 49145
48867 49140
284742 49136
240343 49130
197571 49125
29388 49113
253391 49110
36358 49091
3194 49087
53161 49054
59150 49001
235654 48996
139014 48968
111368 48967
78197 48965
255232 48928
36270 48928
186869 48925
132277 48913
184286 48893
87453 48847
271404 48839
98126 48836
125287 48832
19703 48820
255714 48800
189166 48795
230482 48790
168186 48789
187825 48786
86085 48785
9855 48783
108093 48776
197188 48775
143876 48775
129284 48760
267022 48758
172804 48748
136198 48742
260252 48737
121696 48737
24754 48720
72557 48678
85106 48676
120347 48675
74239 48671
128425 48636
27188 48633
252851 48618
233050 48617
264435 48616
250539 48599
285910 48598
290174 48596
285872 48577
161538 48575
182971 48570
60193 48567
206172 48564
96051 48556
24525 48553
59447 48544
22449 48535
258350 48534
118618 48533
27762 48511
16881 48494
107805 48484
241844 48468
24242 48465
104274 48460
3642 48434
113385 48427
138809 48418
138156 48400
293730 48388
65220 48381
151347 48352
194905 48350
231304 48349
216288 48339
268206 48318
109107 48304
215163 48298
126940 48292
29454 48257
123725 48244
145894 48233
183135 48224
23751 48206
89650 48195
39000 48193
138889 48179
11956 48163
134544 48160
35356 48153
178608 48150
159748 48138
160896 48135
287317 48110
233173 48103
6996 48096
5907 48088
281503 48086
281547 48081
27239 48075
88474 48046
117038 48018
276719 48013
261411 48006
181519 48000
3848 47997
94226 47986
150583 47981
194942 47964
162746 47963
163318 47946
138431 47942
42437 47941
94505 47934
229777 47929
199831 47918
18565 47915
274063 47898
195734 47891
93789 47891
87136 47886
288109 47883
55027 47869
250365 47869
193687 47860
32844 47807
241835 47798
195488 47793
145570 47785
124353 47784
145042 47784
39082 47782
252717 47779
68059 47743
168090 47738
157806 47729
240825 47713
141661 47709
136195 47708
85627 47686
13192 47673
5161 47664
110232 47659
244187 47657
169924 47640
146973 47639
274220 47637
284063 47630
269222 47624
110861 47621
138009 47604
233635 47603
155753 47602
111106 47559
144354 47555
21655 47547
74345 47510
115633 47509
83783 47506
242251 47505
116612 47477
44627 47477
283881 47476
180494 47473
8185 47452
104192 47443
51307 47433
257387 47430
280544 47429
296886 47427
72588 47422
85087 47419
115999 47413
266086 47409
29487 47406
228899 47400
217338 47368
64020 47366
274703 47365
266871 47328
61784 47328
4522 47324
97226 47316
299457 47310
8993 47278
138584 47275
69094 47273
194790 47262
72028 47220
274402 47218
115722 47210
238675 47158
239952 47156
188810 47144
141546 47123
94412 47119
252612 47112
299225 47110
143538 47106
19827 47101
52849 47098
215668 47081
18420 47054
234258 47050
285187 47043
92213 47041
157567 47038
150535 47036
68755 47032
175023 47030
94274 47029
101508 47026
159429 47023
238111 47011
174697 47011
79882 47003
133532 46983
98128 46969
182349 46959
203194 46932
102477 46913
131241 46907
296102 46899
128838 46898
270118 46878
225936 46876
3070 46872
214483 46865
285410 46833
204915 46831
30478 46827
272347 46825
165396 46817
216706 46814
179321 46807
81010 46795
167725 46795
145761 46788
11848 46784
235931 46783
26716 46772
17019 46750
264800 46748
18280 46721
204530 46693
50221 46675
73831 46666
100968 46664
162741 46663
160489 46661
70419 46657
132089 46656
23475 46648
278089 46648
158966 46643
247759 46638
56040 46610
231600 46610
28759 46593
90461 46581
233420 46580
154542 46574
127234 46563
50619 46560
162737 46558
110435 46549
39083 46521
138615 46519
74675 46516
18515 46499
197417 46496
18345 46486
65952 46482
4323 46470
95918 46462
2208 46441
59676 46440
77418 46438
276181 46424
251691 46403
108112 46365
299723 46360
273723 46349
235155 46340
188574 46329
201686 46298
1197 46293
46841 46277
290814 46270
221309 46269
194724 46244
279860 46241
139714 46235
283107 46216
274396 46201
24900 46161
134849 46151
213770 46129
68835 46125
237347 46115
116940 46084
233210 46082
295402 46073
77339 46057
23798 46053
106958 46051
157908 46042
112608 46037
97716 46021
137885 46007
11558 45978
177088 45974
51365 45956
95952 45942
87013 45930
202136 45909
120869 45890
137500 45880
148851 45876
203294 45844
235986 45840
131209 45835
3992 45832
49327 45832
225581 45828
280233 45815
58002 45809
128337 45794
71400 45787
112441 45787
55107 45781
199775 45757
40836 45752
172626 45749
86339 45740
242050 45737
161648 45732
77757 45714
269890 45713
242311 45705
179321 45700
34245 45678
237459 45678
137548 45642
171094 45629
73614 45623
29928 45622
88885 45612
139541 45578
232522 45556
291544 45556
295726 45524
299259 45516
131869 45516
297969 45515
82617 45506
204120 45501
152226 45500
187496 45473
188464 45471
18080 45467
75605 45452
155545 45437
112 45426
63036 45409
243653 45389
197335 45372
225574 45366
138636 45344
36270 45341
219723 45316
142954 45315
228393 45308
130980 45308
207030 45288
211934 45287
228776 45281
241082 45280
123244 45245
221202 45243
70482 45236
192738 45234
57194 45234
219161 45228
42206 45182
190325 45179
215525 45164
227459 45151
267119 45145
171019 45122
77551 45104
218335 45101
261891 45097
72326 45092
20740 45078
292680 45057
154989 45056
131590 45052
166446 45032
290250 45022
17855 45021
17642 45021
202531 45015
124616 45009
26729 44995
105105 44985
207867 44979
108993 44959
221126 44958
220534 44935
191975 44930
287983 44923
163397 44921
174170 44916
269448 44906
223864 44902
75877 44888
293537 44884
36719 44865
182503 44863
265293 44831
226916 44826
111459 44812
69928 44802
155457 44794
72302 44787
116691 44775
134264 44771
288670 44767
268585 44766
106903 44764
236566 44730
52068 44730
143481 44725
228478 44725
49722 44709
67489 44695
166011 44686
239029 44681
268059 44676
263345 44650
296702 44643
125710 44641
204468 44606
3932 44606
281199 44577
133835 44572
174053 44564
32898 44561
143469 44548
250334 44544
229413 44540
12136 44525
276754 44516
261186 44488
24686 44480
72122 44462
226974 44441
16201 44434
66850 44428
119484 44399
148743 44387
22745 44379
99100 44372
14255 44362
190101 44350
24262 44348
164787 44347
256267 44347
186006 44334
184526 44328
177800 44317
14459 44306
137696 44295
133114 44281
141869 44273
283427 44273
286288 44265
258150 44244
204754 44238
183410 44236
95949 44229
218464 44223
249622 44222
222153 44218
118367 44214
200488 44203
167231 44200
49757 44190
186890 44163
205056 44158
31918 44126
286652 44124
171556 44093
268300 44066
234829 44050
166233 44037
94346 44031
81094 44019
159746 44007
35133 43999
19149 43983
90660 43982
3411 43972
235784 43954
244530 43948
32470 43941
72303 43934
187174 43930
181794 43929
190522 43920
98359 43918
285684 43906
214920 43899
85893 43897
87293 43891
11254 43890
186638 43888
136152 43887
128203 43861
142742 43849
262544 43847
76263 43843
119651 43843
137336 43823
184035 43816
265092 43816
12872 43811
160067 43810
106426 43804
287590 43794
3925 43789
266383 43786
251578 43786
240262 43777
226045 43766
131705 43757
156868 43749
256705 43731
114472 43723
213578 43719
240766 43710
36547 43699
40799 43696
179067 43687
3199 43679
266264 43678
125738 43665
93159 43647
70713 43642
71154 43631
3066 43630
34167 43614
192394 43607
81378 43607
142353 43603
190325 43603
188770 43590
55774 43584
55520 43583
223587 43568
219576 43559
117681 43558
42808 43551
106945 43529
217016 43515
121397 43514
268792 43508
131783 43500
34121 43489
7163 43484
254760 43468
15217 43416
258607 43396
285106 43382
174454 43372
25571 43370
185126 43360
164558 43357
43374 43332
288332 43324
117836 43317
210797 43316
276243 43315
263278 43307
76896 43307
128717 43297
152516 43297
168966 43281
48747 43271
4429 43265
47708 43254
175195 43246
90367 43235
126372 43229
167135 43218
24893 43208
266274 43197
72043 43193
246225 43190
294371 43186
104561 43181
42910 43160
271886 43155
128286 43155
166369 43154
185130 43141
87112 43134
196258 43133
153030 43127
32759 43093
268596 43090
88807 43065
48295 43065
128980 43057
65809 43028
167959 43023
142156 43012
77260 43003
265210 43001
258780 43000
122201 42997
254313 42988
141312 42971
146998 42969
51873 42967
149432 42948
128094 42943
134941 42941
283571 42927
173891 42921
265775 42919
32601 42913
33886 42896
221072 42889
2384 42879
145015 42875
170323 42857
107864 42851
182458 42843
139743 42840
130594 42838
20384 42836
14843 42828
11247 42811
166273 42792
197762 42771
203 42765
3110 42758
217640 42755
148241 42744
279986 42743
259263 42679
234271 42671
156940 42661
55446 42647
296830 42624
172835 42623
255202 42622
122545 42620
91701 42609
116995 42594
35109 42590
136206 42589
163243 42576
82611 42563
161391 42550
245187 42548
50608 42544
186129 42514
297702 42513
64901 42510
237794 42506
274511 42504
225941 42478
199305 42466
289055 42462
245237 42459
196555 42454
23988 42448
27134 42447
118738 42442
238840 42417
70200 42409
37942 42404
60004 42389
83245 42380
15261 42361
88641 42357
5212 42345
132957 42324
156191 42315
131714 42308
254450 42301
81125 42299
99815 42291
56964 42265
19423 42254
205176 42254
234137 42254
177686 42238
52573 42234
9302 42223
277347 42221
188978 42178
191448 42171
159022 42141
250970 42137
103602 42118
216243 42109
207109 42097
208597 42092
124568 42089
181588 42076
68625 42063
250489 42050
56827 42032
179882 42031
8786 42030
100678 42029
271963 42020
153595 41993
59528 41982
243764 41966
175707 41894
211656 41892
195914 41890
96851 41879
77981 41874
220901 41872
165016 41869
202531 41853
265375 41844
225473 41841
4851 41816
275416 41748
192555 41726
39150 41718
277964 41681
19149 41680
40474 41674
122171 41653
241814 41648
32936 41629
244209 41623
214510 41584
170480 41580
88845 41544
28038 41540
118220 41521
248510 41519
50009 41518
74574 41511
76891 41503
99379 41487
134202 41485
268176 41481
162288 41441
155404 41416
148761 41408
20772 41406
86774 41406
209463 41395
32689 41385
131892 41370
31375 41366
14756 41362
93812 41342
23225 41330
240011 41300
23800 41286
196991 41277
247585 41276
170000 41269
253846 41265
196066 41262
21760 41259
236727 41250
22487 41228
105497 41220
220849 41195
92384 41192
196471 41188
264128 41182
44229 41182
68744 41156
289360 41149
269614 41105
112405 41104
193536 41075
192930 41075
267016 41059
51848 41058
5606 41056
258746 41045
175561 41043
15319 41034
21781 41025
245750 41022
19470 41010
236463 41005
41432 40996
34988 40980
113287 40979
162986 40977
89980 40955
3168 40926
169672 40926
12417 40903
121980 40895
218991 40887
124842 40886
15849 40870
13042 40862
205498 40860
16488 40858
244503 40847
117646 40826
138318 40817
138368 40805
73641 40793
235279 40783
103008 40769
6474 40754
6495 40741
134705 40739
23377 40729
48419 40711
214814 40711
74435 40695
33920 40683
161857 40648
122694 40645
57157 40635
80134 40623
44728 40618
245107 40616
240547 40613
195621 40605
254168 40603
107095 40599
124137 40587
135089 40580
138732 40571
49257 40562
133173 40545
191827 40527
10692 40523
262396 40520
203476 40510
17885 40503
76540 40502
138775 40493
211481 40490
294849 40487
294734 40470
44899 40464
87429 40461
263624 40455
13745 40439
147430 40431
55362 40423
172878 40416
258174 40393
205073 40384
287643 40373
163005 40346
245135 40346
87391 40340
279296 40339
239193 40335
200944 40314
135208 40313
27400 40264
225562 40256
139861 40245
231682 40241
8547 40219
227952 40208
115556 40199
200355 40194
91834 40158
186506 40157
197368 40153
125651 40152
22935 40146
25791 40136
86251 40124
76834 40118
160152 40113
286362 40104
104916 40092
215180 40079
64403 40072
259992 40069
12757 40065
3446 40032
80076 40027
298726 40025
91049 40019
292267 40016
211712 40004
128733 39973
296464 39964
35999 39961
250111 39959
129664 39959
261121 39954
80718 39953
246500 39952
150360 39951
19381 39931
65534 39930
81281 39925
156161 39921
198677 39915
70829 39913
238653 39907
46386 39903
151069 39899
62877 39899
182653 39888
90153 39867
236016 39846
1193 39841
242130 39831
272065 39826
25743 39821
238437 39814
13708 39812
199030 39797
237632 39779
127040 39775
55480 39750
189069 39734
226867 39721
263428 39719
267167 39716
169406 39716
164167 39706
224462 39705
176378 39701
32942 39700
21508 39693
291897 39686
44928 39685
83028 39672
196229 39670
13077 39666
39317 39656
69231 39646
159483 39630
181223 39627
215527 39617
95059 39613
219328 39612
120168 39606
41800 39602
62208 39593
39085 39584
249790 39583
269069 39578
19107 39575
247953 39575
74729 39535
122204 39523
199728 39515
143883 39467
120196 39463
293796 39456
122737 39441
248165 39432
48920 39422
285085 39390
235123 39381
251381 39380
160462 39375
53750 39370
112067 39356
233635 39353
7579 39344
116318 39307
65088 39302
146344 39297
1306 39276
146841 39265
167035 39261
242383 39244
4303 39213
188533 39209
214030 39206
127249 39199
39700 39195
97201 39188
82357 39169
295429 39164
161029 39160
262546 39147
7349 39145
247176 39143
281979 39108
196147 39097
140446 39094
270633 39090
203451 39077
244882 39076
242423 39072
104743 39054
61938 39044
144418 39037
147559 39011
290944 39003
239272 38993
229283 38991
275992 38991
66484 38986
153073 38959
249609 38933
248570 38925
151180 38920
225954 38913
10993 38894
69858 38893
224631 38882
82725 38874
285617 38865
164266 38857
25526 38850
232113 38839
136418 38838
93604 38836
226267 38810
236227 38808
299288 38806
245798 38801
103538 38795
299807 38778
264516 38772
33743 38760
90278 38758
207251 38740
269352 38729
57249 38728
223717 38717
20892 38711
140713 38704
264441 38700
79049 38696
10379 38684
49545 38681
297290 38680
111501 38669
105143 38661
2696 38649
92920 38625
65051 38611
158508 38590
16937 38580
217538 38569
139583 38564
235487 38562
219120 38557
57897 38501
205134 38486
256522 38477
227570 38471
88437 38454
30108 38448
48788 38446
283523 38441
287529 38441
195680 38431
148470 38428
168562 38400
87517 38389
288923 38387
37070 38382
264519 38373
129400 38363
176341 38343
224548 38338
200358 38310
136775 38307
21942 38303
131325 38274
9828 38270
53861 38254
143684 38242
226852 38226
79930 38211
208385 38205
148339 38190
290424 38188
33738 38183
139900 38167
36763 38164
97878 38123
160933 38121
50688 38109
286338 38103
257674 38095
48449 38085
268180 38077
235161 38075
151758 38069
214459 38059
243096 38047
286669 38033
182415 38027
14499 38023
244042 38006
39618 38000
66499 37994
169026 37964
187706 37946
99845 37938
282664 37930
140139 37919
45303 37917
185255 37909
56136 37902
273252 37897
24927 37892
252108 37877
21721 37876
47092 37859
152999 37855
147988 37853
25790 37833
148026 37825
116111 37807
271491 37796
26760 37791
9674 37785
276447 37772
154040 37754
85543 37735
218002 37730
128019 37706
203879 37704
13269 37694
11971 37684
243645 37666
233735 37666
247076 37652
7777 37643
99645 37633
175888 37624
85192 37614
135601 37600
69225 37585
73837 37536
29293 37534
276190 37534
132058 37529
126479 37524
247604 37510
237233 37504
157248 37487
256798 37479
73504 37473
20924 37471
150899 37470
239854 37468
232568 37468
244303 37466
222284 37461
150165 37456
206289 37448
30545 37388
86177 37387
201133 37383
169221 37360
90360 37359
10682 37335
58319 37334
69932 37330
41204 37329
18007 37321
35353 37316
140552 37300
41137 37296
250618 37295
256858 37282
231269 37276
279590 37270
19186 37262
166784 37254
239371 37236
76950 37233
36959 37232
146661 37215
260426 37215
4664 37209
127433 37170
186454 37156
280269 37116
267641 37096
30142 37092
288821 37087
255406 37084
29606 37050
70365 37048
115801 37041
162653 37032
115032 37031
258277 37030
296995 37027
1750 37025
167802 37005
70625 36941
31734 36934
127645 36910
218655 36895
31417 36893
97331 36892
70549 36889
229908 36876
279944 36861
267847 36858
58313 36846
295770 36845
15492 36826
239684 36823
5277 36820
61004 36815
88460 36799
94543 36796
2781 36776
201428 36765
27473 36756
157481 36750
122074 36745
19378 36744
42305 36739
141060 36739
176170 36707
224103 36660
248570 36655
253817 36640
275148 36639
162540 36635
185140 36633
35240 36633
79083 36627
97017 36625
194623 36601
182535 36600
168715 36593
108744 36591
190132 36574
211292 36553
189330 36552
228235 36539
180717 36507
50577 36503
279311 36501
131371 36492
275426 36491
274294 36477
131 36474
128145 36468
178809 36454
239097 36439
249190 36434
15229 36424
274072 36419
3210 36415
266095 36398
179675 36388
146728 36381
192891 36345
55894 36339
134521 36339
26724 36336
6412 36327
267437 36326
63678 36315
201485 36314
189632 36299
24212 36292
156819 36271
75764 36271
29376 36262
216742 36234
294145 36207
158083 36201
233431 36186
111074 36185
80937 36183
62422 36178
16321 36127
97533 36102
200615 36078
257461 36069
250870 36064
35095 36053
252931 36049
91209 36021
97215 35978
251008 35949
145334 35948
237875 35924
185855 35916
111205 35911
40433 35884
23291 35870
7277 35867
140145 35850
174803 35847
121546 35835
296266 35822
167113 35808
82961 35804
223369 35803
143034 35799
2599 35797
151365 35793
29014 35752
116659 35748
4159 35724
105194 35710
77567 35707
54925 35706
212593 35704
117262 35704
141325 35703
71800 35700
97533 35695
181130 35685
146799 35682
249711 35664
23715 35660
124199 35649
285804 35633
101757 35608
250428 35601
39515 35597
94371 35589
73805 35586
251455 35584
200850 35520
184024 35517
168692 35514
168258 35503
199770 35498
233973 35495
277883 35485
19512 35485
80550 35469
223201 35464
274809 35461
50396 35459
265700 35452
268695 35451
41418 35446
94825 35440
255106 35421
177706 35420
139190 35420
272604 35420
129873 35406
85850 35406
216983 35404
100683 35379
258730 35375
107034 35369
120494 35362
261192 35322
181288 35320
44926 35316
110830 35314
69658 35299
286838 35270
35013 35266
99470 35256
49163 35254
261865 35242
117022 35240
37441 35237
179624 35237
172875 35217
212803 35191
192854 35187
79483 35182
297871 35137
5098 35128
75075 35121
125123 35120
118003 35118
32643 35117
49081 35116
208660 35103
24268 35085
206721 35068
158514 35040
16202 35024
91122 34972
140997 34951
63727 34945
58881 34914
293274 34913
128528 34905
91518 34903
236796 34900
123369 34889
39609 34854
31062 34846
293144 34839
190931 34836
13515 34836
251407 34830
98983 34829
275107 34825
258534 34816
177038 34810
284323 34799
187639 34777
58558 34772
96592 34768
14731 34766
179446 34760
227100 34728
188039 34723
196153 34720
182093 34712
199265 34709
226992 34702
181268 34696
113922 34695
65809 34694
168629 34660
65254 34657
283888 34656
256608 34639
56494 34636
132494 34633
64595 34620
296549 34617
74465 34609
3728 34608
34833 34603
216940 34596
207695 34592
145747 34587
83945 34586
232766 34583
138034 34583
188669 34566
122261 34556
120311 34543
152670 34536
295888 34535
252898 34530
112011 34529
72511 34499
239865 34499
4253 34493
127491 34462
299882 34457
252626 34453
291175 34449
66499 34399
205950 34383
109940 34367
196251 34316
71685 34314
164855 34307
117034 34288
145674 34287
277560 34282
190609 34253
169013 34229
268181 34220
34245 34218
293401 34181
210716 34162
120571 34158
119970 34129
266296 34119
272761 34097
299740 34080
107256 34072
174678 34065
234170 34052
251848 34050
162688 34050
83606 34049
12297 34049
294170 34043
273148 34042
287891 34024
24837 34019
36610 34006
265494 34000
34055 33998
224244 33987
192839 33984
185961 33976
250760 33974
181579 33959
122470 33941
99559 33928
1134 33917
55546 33914
70671 33905
297956 33897
194171 33885
242803 33885
9712 33877
238267 33873
203023 33858
27634 33852
274431 33843
124380 33842
196685 33818
242148 33817
235311 33814
97678 33803
13716 33798
171892 33791
294517 33761
82989 33746
157590 33729
93787 33717
243477 33715
208240 33705
143517 33702
286751 33699
109669 33695
218990 33690
20448 33685
72536 33670
247314 33651
138800 33646
87175 33632
291850 33599
95443 33585
267733 33582
85837 33578
18784 33565
223656 33564
30546 33556
116787 33546
223446 33546
50070 33542
146758 33541
126295 33489
31781 33488
87158 33479
1010 33472
167113 33471
129868 33455
286620 33452
149126 33441
88275 33431
106902 33428
62527 33415
299122 33410
51571 33393
22943 33343
112555 33337
265983 33326
99644 33320
241356 33311
123477 33310
265949 33310
77015 33301
68346 33289
163171 33273
205755 33273
226065 33258
236783 33258
1908 33250
59184 33232
189400 33229
299872 33211
104058 33208
56212 33203
123542 33199
81301 33196
98503 33185
198325 33171
210510 33171
153901 33169
184504 33166
212129 33112
134284 33101
285355 33085
47516 33069
250661 33069
296613 33055
164713 33027
115647 32999
231677 32993
161023 32973
156988 32969
271281 32958
269062 32950
78719 32933
98609 32923
228911 32884
112561 32876
129076 32875
283517 32875
248574 32873
143301 32865
279416 32864
86862 32851
41781 32850
148779 32849
149168 32847
204714 32823
76407 32819
59697 32819
102463 32798
282459 32786
265824 32762
146935 32756
86271 32750
232105 32745
271689 32744
251616 32739
255818 32735
187683 32730
62450 32721
109427 32717
138841 32712
168258 32688
97848 32685
192954 32673
278262 32665
22979 32650
88516 32636
102464 32632
163021 32630
295867 32629
108363 32614
83181 32592
137744 32583
241958 32568
27161 32566
29488 32538
188259 32537
263989 32496
112661 32487
76243 32480
123800 32462
252107 32458
119523 32458
78225 32448
54175 32409
251646 32408
162037 32407
172552 32407
188469 32402
106396 32398
85546 32357
238753 32348
100960 32346
58015 32342
184529 32337
266174 32328
14834 32327
292403 32327
265110 32308
31468 32300
170545 32297
122901 32292
30420 32291
152795 32283
36581 32282
182436 32270
6213 32265
69921 32260
102040 32258
228333 32251
102058 32246
96895 32243
111848 32235
215917 32222
14331 32204
198738 32199
46249 32184
223425 32178
159105 32169
155583 32163
116063 32138
33987 32134
94821 32133
26988 32132
15004 32096
57706 32092
109176 32087
12586 32076
219410 32073
193409 32062
8411 32039
124238 32022
234964 31993
155776 31975
217884 31974
225174 31966
90693 31958
163744 31944
34866 31942
247289 31931
287057 31928
70700 31924
50889 31924
180373 31911
105017 31910
185017 31905
189770 31902
37584 31897
200991 31894
63937 31878
271801 31878
3161 31871
53281 31862
189270 31859
271435 31836
196086 31831
204688 31823
286195 31816
175932 31816
155363 31813
200836 31807
205497 31792
99305 31767
144401 31760
158189 31758
42454 31743
111937 31734
844 31723
44272 31712
215129 31696
284288 31692
125551 31692
179688 31688
81923 31677
196187 31673
163461 31659
225369 31658
158979 31631
74681 31625
296676 31614
105320 31604
90638 31602
146377 31574
298530 31568
68416 31554
237079 31548
61690 31533
32721 31521
117204 31502
39892 31500
247981 31498
24742 31495
92498 31494
211621 31490
45735 31483
56476 31465
32080 31437
97542 31436
226915 31427
79145 31417
295222 31415
129238 31398
107583 31386
293571 31384
58327 31377
200811 31372
267027 31368
178811 31365
258315 31360
87967 31333
237652 31326
145155 31304
243747 31301
258520 31295
243083 31294
6215 31281
269222 31279
54389 31276
51010 31260
141454 31246
145959 31234
144562 31224
5195 31219
96016 31200
237664 31195
239424 31187
122126 31180
72418 31141
29634 31129
259977 31123
240371 31119
75331 31098
63986 31094
17956 31086
68964 31086
231060 31083
135703 31071
259457 31064
33665 31064
89211 31061
78502 31061
293707 31060
149145 31036
109080 31032
294848 31021
244748 31001
284476 30999
109192 30984
72907 30984
53408 30972
81411 30962
186210 30955
169696 30954
251704 30945
76880 30928
161772 30918
148075 30896
91305 30878
253084 30876
94063 30868
151919 30865
280953 30853
153578 30849
284598 30835
152365 30834
142036 30830
173860 30823
144527 30806
24088 30798
27460 30785
144723 30769
182186 30747
250194 30746
194831 30733
106595 30705
197264 30689
147879 30674
64978 30669
206410 30668
165570 30658
132996 30651
270804 30647
200283 30633
105820 30626
224898 30624
278784 30605
64335 30603
214255 30596
119271 30591
96059 30582
235503 30573
167315 30553
137533 30544
44117 30530
143326 30521
77856 30512
6328 30498
197886 30471
119348 30462
53929 30452
291639 30452
14613 30448
261322 30428
252883 30414
201658 30413
9787 30400
102707 30386
282133 30354
111862 30341
108599 30324
87369 30314
70207 30296
84130 30295
274016 30268
147078 30228
152818 30212
24047 30212
14960 30209
142794 30209
160489 30207
28837 30180
242862 30167
140196 30161
289700 30134
128834 30113
156478 30112
233298 30100
13824 30099
227901 30087
4308 30065
145639 30055
290375 30044
44052 30029
47064 29986
268843 29986
52899 29974
5571 29959
213376 29936
181500 29928
130393 29923
199384 29918
146690 29905
213246 29882
246121 29873
191956 29872
80063 29869
90579 29855
11631 29840
4486 29839
262097 29824
239236 29817
80813 29787
107441 29781
164406 29778
52511 29771
13111 29768
187197 29739
288820 29737
105620 29732
55398 29726
241765 29726
292960 29724
174423 29719
36190 29716
183184 29681
140215 29658
84572 29643
193867 29638
251026 29629
111188 29627
59389 29626
241547 29622
140601 29610
100043 29593
168172 29592
260157 29588
282803 29564
215596 29550
233870 29533
191922 29512
206700 29512
121100 29509
155477 29504
32839 29499
98131 29491
262092 29479
25555 29447
7632 29431
44889 29408
281170 29389
64730 29389
61501 29362
219428 29356
164474 29355
43132 29334
12293 29309
102103 29306
271830 29301
110691 29285
194174 29284
95293 29284
238373 29273
212820 29271
114962 29253
158895 29252
159262 29241
216898 29234
246312 29212
76270 29181
8103 29165
243026 29147
31714 29141
276947 29138
286042 29134
145206 29120
122436 29113
155835 29101
272400 29099
8594 29085
183514 29065
187534 29064
291478 29044
260177 29034
178771 29033
18439 29032
59033 29029
299549 29012
260853 29009
287215 29008
125584 28992
171174 28971
22103 28962
60330 28953
279610 28949
14410 28935
266224 28931
221306 28924
144939 28912
132651 28910
258385 28910
229746 28903
77349 28890
158486 28881
248962 28875
234431 28852
86933 28847
121146 28838
273216 28827
126882 28822
48650 28822
6823 28820
59977 28819
49778 28809
30867 28801
184482 28797
109775 28781
84614 28764
102368 28760
190714 28743
101284 28742
2970 28733
289097 28727
80323 28726
54707 28700
122435 28662
181912 28649
142527 28630
96591 28623
6991 28621
77642 28617
280667 28617
241228 28616
172020 28608
203073 28595
240433 28592
179659 28571
117261 28567
77540 28565
191785 28547
115766 28546
134259 28536
189475 28534
40215 28531
26959 28511
279281 28508
298292 28493
118375 28489
107693 28486
135731 28482
65918 28476
186590 28469
109558 28462
96512 28453
232989 28447
138396 28420
25329 28420
94062 28417
124452 28395
197742 28384
280808 28361
132596 28350
261380 28349
155049 28346
254726 28327
146199 28322
199190 28319
801 28310
38594 28298
229303 28295
205238 28294
275619 28279
164599 28267
184318 28256
113974 28217
41479 28200
139556 28183
127202 28183
93115 28180
269270 28166
145005 28163
258187 28158
129938 28152
55154 28140
102038 28127
29120 28123
276251 28107
54686 28100
238030 28086
258079 28085
83320 28081
279436 28079
19912 28061
170027 28047
24661 28041
111174 28031
59247 28022
209011 28020
219188 28004
112153 28003
27226 27993
9172 27990
197636 27988
178167 27985
243808 27972
13133 27964
39386 27959
292790 27950
79385 27941
175582 27936
95394 27930
6930 27927
93100 27913
131353 27890
109807 27883
186916 27882
179271 27855
42102 27847
43445 27845
131031 27839
298534 27838
263756 27835
140476 27822
253342 27811
104134 27809
260514 27779
144792 27774
274568 27773
281995 27770
195930 27768
157307 27758
83264 27757
27248 27743
218843 27741
167709 27727
80774 27720
13399 27711
111070 27705
199243 27704
297059 27694
34293 27693
41439 27690
89615 27679
293639 27670
279511 27640
4876 27636
140604 27630
125139 27619
130255 27606
93227 27602
51693 27593
291075 27587
48983 27586
273494 27567
229462 27565
121307 27501
212503 27487
278700 27481
23433 27480
117710 27477
62850 27465
239153 27459
136133 27444
223441 27427
78826 27419
254584 27412
149113 27407
171101 27397
96838 27396
107852 27390
103051 27383
298696 27382
48844 27360
215832 27359
50482 27353
143605 27338
49169 27331
66166 27330
158187 27326
83318 27322
201197 27321
137900 27302
209588 27299
165914 27288
200071 27274
154128 27273
30770 27248
99532 27214
89989 27203
142175 27202
68876 27189
86574 27187
73963 27161
234220 27155
18605 27152
17003 27152
223440 27149
50588 27138
199920 27125
74808 27114
276913 27110
246690 27103
124683 27098
79597 27094
7524 27087
279599 27079
20391 27030
5536 26981
76801 26975
77265 26941
31085 26940
293743 26931
247072 26918
201891 26915
69941 26914
235744 26911
260532 26907
286757 26905
148397 26901
179051 26889
78090 26870
112722 26866
125868 26865
273255 26858
91044 26835
180296 26826
64008 26823
46679 26814
78307 26805
290567 26797
145455 26787
36372 26782
202484 26778
212355 26769
129649 26766
238611 26754
136151 26745
1944 26733
249223 26714
48390 26709
171501 26675
100381 26672
289288 26671
283173 26668
53110 26655
55121 26655
98736 26651
280498 26649
37661 26638
299383 26603
128751 26590
26651 26583
240875 26582
181208 26582
81226 26581
154521 26577
257208 26571
12875 26569
43689 26560
292951 26547
128268 26534
57724 26532
235256 26515
296030 26512
164235 26507
285461 26483
6530 26478
58106 26473
168847 26471
298686 26470
94051 26465
168241 26463
61218 26436
14117 26433
233105 26421
62185 26412
3193 26409
261595 26393
96986 26383
4265 26360
87351 26346
102412 26340
160848 26326
15323 26319
257236 26309
217470 26300
53796 26296
243680 26279
59939 26279
120706 26237
62704 26236
186241 26232
203644 26224
114660 26217
172487 26189
166846 26188
153641 26187
180280 26160
149171 26155
112583 26133
35704 26120
263974 26115
216401 26085
1362 26078
153093 26060
112783 26044
137532 26011
80544 26002
102692 26001
202206 25983
123879 25979
282156 25968
224906 25958
25870 25957
79590 25954
9260 25941
93587 25937
179893 25937
15221 25935
45077 25925
277416 25920
207844 25904
235076 25903
267901 25899
278842 25897
82110 25889
191685 25861
261705 25857
1838 25846
171353 25844
292910 25842
15351 25839
115285 25826
115474 25810
125924 25809
131629 25718
102417 25714
66970 25710
268887 25706
76247 25701
239999 25688
186904 25673
266206 25671
139023 25666
27668 25647
5237 25643
230993 25626
120174 25624
248249 25618
237308 25612
264079 25573
66822 25562
281627 25561
175190 25546
16149 25541
206799 25530
76106 25526
191045 25523
248204 25520
286089 25506
47550 25504
264782 25501
160411 25485
99464 25472
264464 25471
122172 25461
288867 25446
120360 25442
103597 25436
155778 25430
69257 25419
57419 25412
251079 25410
180024 25392
219699 25388
87687 25384
123275 25378
144296 25367
167714 25358
268725 25347
298817 25328
33282 25318
276385 25307
106173 25304
155674 25294
61620 25290
252131 25283
132810 25281
98894 25281
223026 25278
16034 25252
199098 25252
238537 25251
53141 25242
295055 25237
261407 25203
185110 25189
276673 25184
270469 25178
269387 25164
206073 25163
29451 25161
153698 25131
236154 25129
270785 25125
199457 25110
170699 25109
271545 25102
7435 25081
241553 25057
59699 25055
267612 25042
129981 25023
195947 25012
107515 24990
69278 24989
87794 24972
177693 24937
43887 24929
238112 24919
257842 24906
281889 24897
187072 24887
97149 24859
17923 24848
90586 24847
79152 24846
245377 24844
288971 24811
108370 24807
6389 24803
121158 24794
67969 24787
160404 24786
274316 24781
233285 24779
4450 24779
156911 24749
127605 24732
296204 24725
246205 24709
13069 24695
213524 24672
19715 24630
124772 24619
273213 24618
183189 24612
166797 24546
10473 24544
63193 24539
49210 24532
5352 24531
268687 24524
159298 24517
104680 24516
297600 24516
4152 24504
226282 24495
9528 24493
22719 24486
157116 24453
62772 24433
93332 24427
296897 24426
270758 24412
27320 24407
278855 24402
28980 24394
141328 24390
68187 24388
217812 24370
81316 24360
15852 24342
157245 24342
62619 24333
212093 24326
28918 24317
115250 24300
38539 24294
71368 24290
260113 24280
248382 24260
70472 24248
75706 24235
97620 24227
144100 24227
186077 24223
269671 24219
160881 24213
240228 24213
288355 24202
36003 24196
179664 24194
253533 24193
93820 24149
232475 24139
215709 24138
11072 24134
166589 24124
63906 24113
77656 24112
203348 24098
292204 24098
46665 24097
23626 24086
280855 24075
104044 24075
85291 24069
84991 24061
242277 24027
192122 24013
127022 24013
16253 24002
290236 23989
248972 23984
203685 23969
47415 23967
281963 23966
18783 23965
45742 23957
44199 23954
19716 23952
50231 23952
31873 23949
102565 23936
235155 23917
222840 23889
163560 23887
118331 23881
94635 23877
218905 23875
261659 23869
92568 23821
238220 23816
952 23781
174445 23776
150830 23762
238076 23758
184787 23724
35148 23716
41744 23712
74977 23705
242737 23704
184276 23672
296328 23668
14990 23657
260981 23657
163314 23647
214582 23647
143941 23620
223442 23612
164583 23609
147264 23604
110985 23603
215648 23603
250964 23587
149017 23578
230634 23578
293146 23575
103954 23568
18380 23532
160867 23516
286873 23487
88361 23481
95505 23473
211803 23472
27391 23468
151441 23467
24967 23440
4953 23430
232408 23391
56411 23385
139910 23375
68641 23366
286588 23359
56459 23356
148737 23341
179129 23341
287486 23340
73422 23340
103833 23312
20584 23306
291194 23270
53699 23270
142593 23269
27647 23256
116162 23254
263791 23243
45774 23212
90212 23191
60467 23161
254387 23153
83704 23152
151056 23143
118740 23118
294964 23089
65863 23088
187916 23076
175842 23049
45659 22999
293211 22994
111933 22973
176105 22969
240157 22961
238087 22956
151695 22931
72101 22898
220723 22879
21861 22877
191425 22877
21260 22864
79118 22840
39058 22832
105694 22828
48131 22822
27854 22816
198229 22806
107219 22791
26633 22790
295371 22789
52336 22786
105251 22777
109671 22776
172567 22766
101155 22764
246359 22761
181985 22751
41943 22746
252319 22743
237861 22742
284449 22737
22053 22722
12352 22692
32952 22690
78731 22665
121015 22658
215251 22656
237411 22656
232964 22648
289023 22641
41318 22636
105633 22623
242816 22623
103926 22606
125342 22601
239597 22584
73377 22561
137108 22555
185081 22552
290818 22543
14020 22540
221378 22527
32363 22510
85880 22500
21214 22480
281907 22473
6745 22430
198255 22424
140984 22423
130733 22418
133337 22411
261469 22408
186694 22403
2996 22398
132832 22391
110456 22389
226642 22384
248488 22344
1518 22344
54871 22337
67008 22262
134784 22238
247032 22216
247653 22209
226761 22193
251266 22191
226138 22179
111937 22174
119929 22164
7289 22162
21124 22151
41756 22138
231015 22129
145057 22123
202794 22120
80153 22111
227333 22104
217038 22097
54895 22087
91943 22083
23614 22082
72439 22079
224374 22066
132089 22061
288443 22052
217738 22049
154286 22047
257303 22044
65533 22026
288210 22010
36727 22003
75775 21982
277980 21980
97806 21966
225548 21955
220791 21943
61820 21940
185494 21939
102199 21937
229497 21928
205760 21905
41292 21904
261866 21875
206550 21860
103437 21846
11510 21830
172567 21825
235092 21819
203658 21805
159037 21787
2357 21782
233643 21768
100043 21763
33575 21759
139315 21751
126615 21740
249014 21713
86735 21711
77886 21710
151567 21698
261956 21689
229854 21671
127278 21667
77085 21661
157496 21659
141839 21633
5937 21627
230396 21611
3120 21601
138010 21594
188884 21584
174534 21559
108862 21552
16698 21523
175919 21523
129961 21508
263638 21496
4267 21495
207547 21494
173827 21485
239951 21479
109666 21478
49698 21473
231502 21467
2850 21464
156806 21434
108203 21427
201538 21408
268813 21393
179349 21380
66167 21377
160139 21372
183236 21369
143118 21362
176112 21351
207352 21335
204347 21333
282389 21331
229647 21322
264620 21310
201773 21283
174610 21279
298509 21279
178732 21274
38072 21262
95874 21240
230325 21234
237608 21189
73342 21182
180031 21176
171147 21161
42595 21153
259058 21143
257374 21122
102890 21114
16950 21079
276023 21069
271517 21058
58469 21058
5353 21056
224137 21055
227020 21046
130985 21019
177564 21014
210589 21009
283754 21002
120774 21000
280734 20991
138489 20987
253278 20983
5341 20983
90642 20962
273566 20954
139954 20938
10874 20920
294787 20917
39738 20891
290747 20879
79381 20873
176133 20870
36282 20866
121914 20863
265361 20858
179991 20845
44231 20838
272223 20828
14782 20809
134349 20801
292113 20796
108024 20786
183687 20772
100695 20729
12392 20708
294221 20704
46112 20692
123582 20684
150249 20662
115802 20652
51853 20640
219397 20624
166370 20624
182637 20598
18778 20591
188010 20574
299272 20556
192864 20546
146949 20534
27921 20523
116020 20511
252202 20480
91387 20466
95131 20459
75183 20427
210318 20395
216972 20387
166366 20386
214739 20366
237091 20341
259521 20335
202166 20302
174526 20289
210691 20284
171454 20281
81113 20278
18179 20277
207838 20266
175375 20255
87103 20255
126549 20252
228035 20247
44864 20230
253613 20228
236214 20223
271162 20220
74203 20188
264757 20175
147525 20144
246363 20128
190810 20113
17863 20097
251466 20090
220044 20089
78203 20085
222633 20077
114465 20075
113105 20073
245178 20072
15639 20061
46870 20060
182247 20044
219566 20043
24884 20030
249401 19996
60283 19993
174994 19978
121723 19957
221724 19950
276367 19940
80192 19924
146469 19918
133577 19913
2448 19905
288277 19898
60083 19883
137004 19857
34588 19857
228934 19850
111045 19836
50717 19821
217243 19803
214277 19796
51549 19785
75564 19769
254104 19759
132839 19747
127842 19743
20006 19741
42812 19737
271647 19723
206239 19723
85264 19716
72755 19702
203060 19672
182029 19671
213464 19658
166360 19651
86738 19624
184698 19618
123292 19614
212537 19613
115937 19608
259012 19602
188118 19592
125102 19588
28006 19577
215477 19569
265938 19569
141579 19562
105608 19546
72423 19525
48124 19514
290387 19497
130069 19481
207810 19479
261193 19475
183167 19464
94902 19463
61398 19449
86666 19419
247396 19416
111269 19416
194849 19410
106668 19408
86547 19396
291858 19395
33672 19385
261636 19370
117338 19348
263365 19334
238299 19331
248706 19323
100648 19308
253985 19307
53213 19271
108080 19259
193296 19244
150077 19236
221465 19234
209944 19232
136806 19216
242402 19204
18718 19195
4166 19187
140795 19184
838 19172
6172 19169
153890 19155
194479 19144
173489 19131
136460 19119
87363 19109
157172 19103
261096 19088
125990 19085
35628 19076
217360 19063
284933 19049
51845 19045
118513 19044
79016 19024
142688 19018
24714 19013
48694 19008
288605 19003
24195 18998
181569 18986
19948 18982
111445 18960
10853 18931
18893 18917
283394 18894
64617 18892
298443 18879
37896 18873
105092 18862
141617 18857
73965 18853
20312 18849
17941 18829
13388 18825
20846 18814
256706 18804
130266 18788
121071 18771
168388 18767
291536 18760
135723 18754
216467 18751
73074 18745
91409 18739
88004 18736
51018 18734
106683 18719
141177 18718
57771 18693
130629 18689
86574 18681
126960 18643
283040 18617
214607 18612
281082 18610
255439 18609
16400 18606
15131 18606
248959 18605
79460 18603
214202 18602
240442 18594
254495 18578
194230 18575
42983 18557
10601 18554
155575 18537
294312 18533
66371 18521
275011 18517
169932 18513
82081 18501
82651 18499
28933 18498
289809 18489
42510 18487
108864 18485
128939 18475
201900 18461
75006 18459
241009 18445
96946 18418
258472 18413
286346 18413
211906 18329
235906 18329
33856 18324
194367 18303
189943 18286
102397 18282
185801 18253
113669 18234
76908 18227
162033 18219
245470 18218
134028 18183
88385 18169
285574 18152
289605 18151
93157 18143
190496 18125
296772 18112
11290 18106
248934 18068
189630 18059
156381 18026
167811 18020
110799 18017
221969 18013
248213 17993
261531 17986
55638 17978
269464 17969
268837 17964
224944 17963
267337 17959
171372 17951
157641 17937
214791 17929
149530 17921
105646 17912
13571 17902
57620 17902
100759 17894
15848 17893
133690 17892
6530 17865
170560 17862
288743 17853
190380 17844
254827 17835
209135 17822
144751 17815
104645 17807
283599 17800
189678 17798
129083 17793
222356 17788
257943 17768
14900 17766
251817 17761
119496 17736
193559 17732
251283 17730
3488 17724
262881 17716
237584 17711
7879 17704
126178 17688
200765 17637
175619 17636
270435 17627
149313 17615
228383 17609
122526 17603
171889 17578
81474 17558
78087 17548
295812 17533
285017 17532
41044 17530
154857 17530
180983 17520
99690 17506
38417 17506
176122 17487
285907 17472
30217 17467
180247 17465
133596 17454
137806 17448
70961 17447
186358 17442
167467 17431
217839 17428
285598 17421
26686 17419
209393 17416
28283 17401
41118 17401
66764 17379
101415 17371
57006 17363
54476 17363
109577 17362
180164 17344
110453 17340
71308 17322
122655 17304
106204 17286
172215 17275
286888 17261
41226 17253
24340 17252
160596 17241
211509 17223
152750 17202
128811 17180
215979 17180
123028 17174
77459 17166
273609 17162
198885 17158
225146 17141
233131 17140
293284 17132
52394 17125
687 17101
218369 17089
149615 17078
137599 17075
87196 17070
84180 17069
31384 17049
49018 17046
63742 17043
89287 17042
89065 17007
158318 16999
44689 16990
262225 16963
142257 16955
162197 16945
256103 16942
95010 16911
124316 16905
158013 16892
201220 16880
21139 16879
287920 16878
72171 16864
4853 16831
181006 16828
88939 16805
184367 16802
215068 16796
11141 16787
183049 16780
220917 16766
51867 16761
268153 16760
200896 16756
250063 16756
251491 16750
152047 16733
25181 16724
87877 16724
257527 16717
241847 16705
7382 16680
69921 16647
13885 16643
53408 16624
64519 16623
151536 16618
146407 16618
61052 16617
253351 16617
5953 16616
45640 16596
110239 16592
122716 16587
207224 16569
230473 16544
179124 16541
260251 16538
88057 16536
255939 16531
200029 16525
298929 16524
259732 16515
201986 16504
40483 16499
201259 16490
169165 16463
183371 16459
86630 16457
124847 16450
260173 16448
61452 16434
94770 16423
273490 16421
202522 16404
258765 16402
214265 16392
225625 16386
29760 16378
76092 16376
180514 16375
215807 16372
235719 16357
4605 16355
89155 16351
159544 16349
169774 16333
228689 16320
242649 16291
72844 16273
186540 16263
88159 16261
91069 16261
164706 16259
256409 16256
33088 16255
228753 16241
100733 16220
197846 16219
179690 16207
182972 16196
148867 16196
70026 16189
291751 16187
202515 16185
90948 16177
119819 16174
1531 16165
293940 16156
161084 16153
270745 16138
219770 16116
155656 16104
297755 16091
94296 16059
169654 16033
41948 16030
99071 16017
217326 16008
279713 16007
65974 16001
147165 15998
55483 15990
26915 15982
37679 15968
281196 15963
53436 15961
102606 15950
46229 15939
53789 15925
196083 15921
291969 15900
275417 15885
19632 15881
262933 15877
118270 15876
161331 15834
134186 15831
205605 15824
128815 15816
166319 15814
278712 15805
131108 15804
293836 15784
83660 15778
285131 15778
52415 15753
210349 15748
100458 15733
57427 15720
225319 15708
32738 15706
160271 15700
277597 15675
5530 15666
131595 15653
118182 15648
109762 15617
170510 15616
141362 15596
119859 15595
220763 15593
49346 15577
9829 15564
26438 15549
51725 15542
138560 15531
276185 15518
204815 15500
193589 15499
169352 15499
177918 15485
80725 15475
15446 15462
147793 15442
13482 15417
96824 15396
76033 15370
22068 15365
110680 15359
211797 15351
261956 15351
28681 15340
159459 15335
40411 15328
272117 15320
212392 15316
174273 15314
88809 15302
170744 15283
39342 15278
234570 15260
274514 15247
232846 15247
197170 15241
125765 15223
96129 15208
92123 15202
116902 15193
182278 15178
127874 15177
190185 15160
246173 15157
274762 15131
65413 15129
233195 15120
12084 15115
48762 15107
197753 15098
67067 15083
82530 15075
25846 15074
115968 15069
16091 15064
227405 15040
70270 15031
65736 15024
73304 15022
70451 15021
178286 15018
105336 15009
269250 15001
127690 14991
298386 14979
253830 14970
196340 14961
296082 14939
134930 14938
23027 14933
94000 14931
266154 14930
121666 14926
88484 14918
74415 14918
74757 14911
126029 14908
58791 14902
51074 14900
233379 14873
129770 14867
185672 14865
218883 14848
113827 14837
68761 14826
234069 14816
113066 14794
295805 14789
146947 14787
209664 14780
235665 14776
272077 14775
43455 14771
15892 14771
90032 14768
170315 14750
125853 14749
167915 14725
272517 14714
277995 14707
31330 14706
63225 14694
108314 14688
126963 14685
201628 14683
179971 14680
122394 14679
258596 14646
248267 14643
285683 14642
60529 14609
166986 14598
249179 14576
245523 14570
164788 14558
7662 14553
183550 14551
258347 14541
279054 14529
176071 14524
228723 14524
275473 14523
116558 14512
173813 14506
40004 14504
3953 14502
287513 14480
186635 14476
297068 14473
16843 14468
270205 14432
179153 14428
17237 14413
48083 14412
110103 14412
279520 14397
945 14392
97399 14357
148198 14333
90584 14333
199627 14308
194089 14271
245122 14271
275030 14262
252497 14259
165153 14258
226079 14256
286821 14241
141164 14237
123836 14228
103143 14216
80965 14214
96871 14208
288201 14185
105710 14178
256938 14167
226528 14167
278123 14157
116968 14152
93558 14144
135920 14092
223507 14078
245015 14048
97626 14046
111451 14034
268209 14017
201540 14015
97560 13991
277615 13991
161806 13988
97733 13963
194027 13959
245352 13938
20426 13920
20060 13917
153518 13906
35343 13899
50427 13890
6213 13889
293767 13888
292598 13844
205704 13843
225575 13833
52371 13822
4042 13806
28998 13798
83988 13798
142446 13779
133965 13772
159952 13759
81415 13750
248837 13740
20111 13732
279408 13721
96355 13720
46142 13720
212474 13707
244544 13687
215682 13678
156229 13673
280701 13667
53660 13664
277391 13646
273528 13641
244047 13627
84039 13620
137629 13618
217634 13613
164201 13612
88806 13612
32204 13599
44808 13597
66776 13596
18985 13593
54465 13591
197832 13590
133885 13586
275834 13556
237148 13538
77635 13535
262363 13528
177066 13523
4138 13496
147785 13455
195662 13442
202938 13441
288801 13429
218906 13410
78908 13408
174687 13406
258665 13394
67073 13385
28640 13382
125558 13375
53980 13363
80514 13361
11522 13357
218363 13353
32748 13346
293617 13341
257758 13328
60623 13309
72570 13305
22529 13296
254405 13282
116141 13282
247042 13277
6126 13262
136137 13257
116898 13250
207964 13239
41937 13235
70943 13215
165500 13205
41342 13198
140009 13185
22756 13152
116750 13139
22061 13124
254170 13121
47015 13120
210919 13113
32939 13108
290180 13085
104604 13068
184772 13056
206521 13046
147704 13043
112187 13023
77890 13020
15628 13012
64628 12992
172651 12988
268844 12982
105086 12970
213921 12954
96823 12951
9996 12932
264562 12929
5406 12912
133788 12902
86099 12892
277883 12884
103051 12880
190629 12874
85156 12867
194638 12854
8900 12853
198111 12849
179747 12837
174167 12831
182254 12827
197319 12827
218787 12821
20600 12798
97088 12778
99692 12760
223552 12759
274083 12756
206899 12746
65214 12740
105760 12732
119 12732
40723 12722
236940 12697
126874 12686
292916 12678
93489 12674
245393 12663
292543 12660
74286 12642
205529 12640
81123 12635
46350 12627
80014 12595
263796 12577
55033 12577
148451 12577
19550 12563
11670 12558
254576 12546
296098 12538
259274 12537
265326 12530
214579 12512
28316 12504
218172 12493
200016 12490
178326 12474
199883 12467
126338 12465
244234 12462
267664 12416
207273 12399
76574 12386
165225 12379
87725 12370
193121 12361
108976 12358
89730 12353
58747 12339
120624 12308
81119 12303
266455 12302
182853 12302
90381 12286
265899 12285
166728 12278
102868 12273
278091 12255
162689 12243
299648 12233
186409 12205
122282 12200
136134 12200
218140 12199
192678 12194
13005 12188
11458 12182
8775 12149
125505 12145
177 12143
49455 12141
1910 12125
289434 12123
221260 12103
101460 12102
80110 12098
27626 12096
184604 12045
181292 12043
80469 12024
60015 12013
67629 12003
135046 11977
271667 11977
191688 11973
194663 11967
29829 11963
217822 11907
228389 11907
110863 11902
295377 11899
6921 11883
33042 11873
55678 11868
19881 11865
15255 11862
174108 11850
209471 11839
8354 11825
85447 11824
115311 11816
217959 11793
155871 11783
227848 11779
179373 11749
252251 11733
37796 11719
186810 11708
52642 11679
293280 11677
236917 11674
272117 11668
12005 11647
31809 11643
3679 11640
26494 11631
19690 11623
50930 11616
214873 11613
37489 11598
127682 11594
292362 11575
161757 11570
186592 11559
273544 11524
20318 11516
171525 11500
183330 11493
114050 11490
255187 11487
187182 11486
116568 11479
169365 11477
194534 11475
40734 11473
172116 11442
207672 11432
102048 11420
68980 11416
203577 11403
257467 11393
13746 11392
292111 11382
256718 11382
231754 11377
112348 11363
81906 11348
270206 11321
216513 11320
45619 11285
188633 11270
206986 11263
156145 11259
173867 11251
267145 11251
166838 11248
285084 11230
117134 11225
277749 11211
182946 11206
267224 11205
71177 11186
291028 11168
99847 11161
180092 11158
26064 11153
161364 11142
233611 11117
140338 11116
91141 11112
265995 11111
153531 11092
88135 11072
96690 11054
55149 11049
116459 11044
50409 11041
73602 11033
90544 11000
267234 11000
264600 10997
180800 10997
37557 10996
76706 10992
209692 10988
101830 10966
152334 10953
138521 10932
72407 10927
56461 10915
219701 10902
273305 10902
263092 10901
263785 10899
189496 10873
116846 10858
223884 10858
253656 10850
298382 10845
50496 10839
239277 10835
25568 10744
118008 10739
286488 10724
116297 10718
54141 10717
166404 10704
291753 10701
153398 10694
156581 10688
214349 10678
145806 10670
147239 10668
97895 10649
227602 10640
172134 10634
172461 10619
118619 10617
216488 10609
272255 10608
161276 10606
57364 10596
173940 10591
111597 10586
147105 10586
62671 10562
81701 10555
29272 10553
204385 10544
257936 10527
48249 10499
3637 10490
237425 10489
75051 10486
66218 10477
270690 10471
121353 10471
117117 10459
212348 10447
90603 10441
89776 10437
242694 10427
115410 10424
205658 10414
749 10382
286397 10360
61442 10353
104961 10348
14810 10348
238886 10347
164958 10346
173446 10337
183490 10329
128939 10316
46464 10315
148590 10313
72586 10299
157105 10292
199463 10283
131490 10269
21508 10266
168199 10240
88148 10236
229819 10227
119351 10217
113758 10187
86748 10186
291395 10182
140869 10152
183135 10137
6287 10115
25452 10110
99932 10109
112718 10109
267366 10102
136821 10096
197783 10091
95829 10073
124027 10036
59797 10026
205096 10023
199327 10016
201254 10001
120968 9995
50507 9983
137669 9974
297463 9959
193501 9953
188 9950
237566 9928
129761 9918
4366 9902
170096 9899
41601 9894
150509 9874
234410 9869
212177 9863
65834 9851
19389 9833
106527 9827
198037 9813
274414 9795
15625 9792
286242 9788
169373 9778
273540 9778
206512 9777
207832 9769
207283 9748
30847 9718
163754 9717
92706 9713
221938 9712
30400 9688
289614 9665
222614 9658
291248 9643
261915 9621
104785 9618
133688 9584
238718 9557
243293 9549
57846 9547
91276 9521
79214 9506
24414 9498
235388 9489
53097 9488
196258 9486
17761 9486
230877 9467
210 9452
85487 9445
242419 9429
183201 9417
367 9398
116607 9386
210721 9309
134989 9308
194207 9274
107208 9269
171957 9264
272913 9254
282542 9224
271081 9223
257536 9220
33700 9214
86772 9212
262638 9206
254417 9201
84961 9200
221056 9198
48994 9190
42723 9179
123927 9178
45751 9158
291995 9141
171714 9124
130703 9117
284167 9116
88454 9103
269509 9085
263416 9084
281405 9058
103728 9047
51379 9033
136897 8995
49857 8989
30612 8988
159534 8979
93326 8969
18809 8967
270224 8966
269651 8965
258336 8940
59501 8922
208382 8909
201245 8906
277824 8900
183496 8899
177268 8897
97822 8896
247488 8896
38205 8895
11559 8887
42194 8886
155364 8872
192089 8871
207691 8862
72607 8857
24680 8853
123691 8828
24035 8814
191211 8812
46584 8804
176059 8795
165244 8793
65090 8778
207892 8773
128081 8759
70049 8758
244578 8754
231516 8748
125570 8748
29787 8719
147588 8716
258052 8712
150360 8706
117347 8702
244579 8695
277264 8676
96845 8674
230573 8671
211093 8644
118781 8639
272203 8636
30579 8634
46094 8632
230905 8619
160245 8618
8337 8618
123319 8597
226923 8596
71557 8591
203772 8580
144572 8562
76196 8546
42161 8538
99389 8516
227307 8489
207002 8485
123618 8456
148508 8436
147609 8435
41896 8411
228422 8407
72626 8407
114919 8406
225613 8391
172311 8380
74886 8374
205917 8367
189582 8364
63682 8350
155062 8323
262712 8312
186181 8307
174922 8300
249286 8300
69761 8288
184838 8278
62386 8274
232440 8260
2766 8251
160114 8236
214017 8231
176635 8221
296965 8216
63059 8214
120342 8203
261337 8201
41352 8197
181978 8172
207997 8166
216843 8164
255028 8154
213770 8140
190313 8132
9862 8129
61792 8119
195428 8106
201205 8099
153931 8096
5030 8092
115806 8089
154515 8076
31953 8075
291221 8069
269404 8060
87024 8059
131415 8044
175706 8040
24325 8029
57600 8028
244742 8025
160454 8022
105266 8015
290136 8012
55169 8010
25193 7976
1176 7970
227599 7952
201661 7945
114811 7914
19382 7904
17825 7899
85293 7868
11614 7859
201032 7852
192860 7848
200155 7832
113716 7818
169563 7811
199089 7800
183969 7788
11784 7771
163214 7768
167283 7767
213459 7766
217054 7766
96877 7764
138727 7762
11524 7753
246235 7750
150533 7730
2600 7724
39371 7720
215891 7717
243632 7675
72195 7657
237613 7633
22671 7631
133278 7626
60578 7621
50832 7615
54676 7608
79571 7599
104854 7577
153822 7570
172520 7563
240312 7552
198969 7543
281363 7540
185063 7484
85631 7484
101676 7484
201848 7483
199363 7460
10962 7459
27094 7450
275636 7446
90332 7429
251527 7420
95901 7417
187841 7392
112047 7387
8763 7377
298164 7365
254496 7363
50022 7360
277761 7357
129242 7344
806 7339
70708 7296
96661 7295
279205 7288
120341 7283
68054 7267
40951 7243
169282 7235
20625 7227
204385 7214
51748 7214
178726 7185
2440 7185
7760 7179
220896 7163
222676 7162
98394 7156
70441 7154
122822 7135
253246 7127
7115 7119
163782 7111
6562 7108
125429 7104
218880 7050
236992 7045
144585 7040
141702 7033
18157 7015
168915 7005
17066 6996
294408 6995
22771 6984
149982 6980
180082 6975
22923 6965
198474 6958
133310 6952
206610 6950
79109 6940
112538 6939
97529 6938
173170 6934
12689 6932
129551 6930
89126 6927
77317 6913
48913 6891
241836 6885
257983 6883
2840 6882
258046 6880
47113 6842
119970 6824
14461 6813
224866 6810
31358 6806
280444 6803
183043 6791
289374 6781
67047 6781
263913 6780
283805 6777
169072 6758
253726 6747
222797 6741
126775 6717
151748 6708
173660 6691
195794 6671
72541 6655
3438 6628
274308 6626
117015 6623
257385 6597
218886 6595
176646 6590
78700 6577
218413 6576
151424 6565
87538 6549
157804 6548
202160 6546
289688 6537
196701 6519
126407 6494
63201 6494
64943 6481
50801 6478
297321 6421
195486 6417
133018 6407
271771 6407
151350 6397
80523 6360
80187 6357
143212 6355
165200 6327
247456 6323
120680 6317
121012 6313
101784 6304
72317 6300
216557 6278
138841 6276
243970 6271
123032 6253
73245 6248
205811 6247
202706 6236
144293 6234
62923 6228
164827 6219
156033 6217
143425 6201
10562 6200
110217 6181
206955 6181
103312 6180
75662 6172
142597 6168
289677 6163
185476 6153
65018 6151
209294 6114
74515 6113
197401 6100
76634 6093
123020 6092
283839 6089
259241 6076
11083 6072
45102 6071
22184 6066
299250 6036
141217 6026
174035 6022
69163 6021
276071 6011
161871 6000
65393 5996
80328 5994
94840 5981
6950 5968
25080 5958
51021 5952
50663 5946
6056 5945
69798 5938
267366 5932
175268 5932
289161 5928
265258 5915
223849 5915
207281 5903
152361 5896
211281 5892
129383 5887
235857 5879
171358 5876
156394 5842
274870 5839
259632 5824
180584 5795
275109 5767
218291 5753
255954 5752
162920 5743
103399 5741
282014 5728
254740 5726
55135 5701
295369 5699
187403 5695
243387 5694
78378 5693
287176 5686
106842 5647
211963 5643
146081 5637
65127 5622
119662 5614
293562 5606
241020 5605
233207 5594
8647 5588
246628 5575
97071 5569
165327 5564
129111 5563
97262 5562
261549 5541
25619 5538
74578 5521
279285 5502
62146 5500
284938 5496
158894 5484
174796 5472
8887 5458
223160 5443
245223 5439
81821 5434
26222 5431
111318 5427
135881 5427
24981 5425
1468 5414
103616 5411
65063 5405
228107 5399
241120 5392
166168 5385
135222 5369
73386 5366
128215 5349
202889 5335
293339 5327
23454 5325
112948 5320
251165 5317
250229 5310
5407 5297
296091 5296
21722 5294
175408 5279
201013 5272
84298 5263
60996 5255
60058 5245
22544 5235
242963 5229
30302 5179
202355 5175
73235 5172
163682 5161
97595 5155
39709 5139
202762 5124
91626 5105
81835 5104
15124 5077
117859 5076
117523 5074
168273 5063
37057 5053
202498 5038
36409 5031
267865 5029
224490 5028
222179 5027
80535 5026
221342 5025
177157 5014
33458 5007
273157 4989
94773 4989
108599 4983
139864 4969
216332 4965
198485 4957
296485 4944
140595 4930
71103 4926
83500 4915
278821 4914
12687 4911
42861 4908
130908 4898
190680 4896
252675 4894
179300 4888
200168 4870
185542 4857
52480 4850
78209 4849
142570 4845
276853 4830
97507 4824
160414 4816
258577 4805
16653 4799
198412 4796
239391 4792
158558 4791
271260 4790
47241 4785
101301 4783
116966 4763
238754 4759
255519 4748
81243 4743
253698 4729
255010 4724
168592 4716
130879 4714
248118 4707
72205 4703
192693 4702
6410 4697
270331 4693
266043 4667
224234 4665
180152 4658
20881 4653
26172 4641
154911 4638
50263 4611
37224 4610
217635 4600
248887 4592
247433 4591
248074 4589
180625 4576
223474 4572
191479 4563
108845 4558
103586 4528
198335 4479
254422 4478
34490 4475
126965 4463
253074 4451
99314 4449
122159 4425
256766 4388
265726 4356
184783 4351
123881 4349
113112 4333
171660 4321
170252 4321
276358 4311
118932 4299
83641 4268
62779 4232
128369 4215
54718 4202
14193 4164
277186 4162
271528 4159
279585 4145
50240 4118
138361 4075
61257 4053
253480 4031
138067 4012
191657 4011
194179 3983
253324 3968
209447 3954
114299 3953
172624 3947
262548 3944
182125 3931
87115 3916
101171 3895
157887 3886
20637 3882
69548 3874
92593 3869
278478 3863
198232 3850
247418 3813
294621 3811
38375 3810
37547 3809
68554 3797
206406 3785
182010 3781
134948 3773
52586 3771
10262 3753
245296 3750
152935 3744
161084 3737
217283 3718
122114 3712
112616 3709
83435 3706
230727 3700
158804 3698
145011 3664
11855 3636
90438 3633
248795 3629
21821 3607
146898 3601
63052 3598
269013 3595
247630 3590
215791 3586
59965 3586
49760 3578
128449 3572
103399 3572
80133 3545
142750 3545
47175 3544
51298 3534
152939 3481
184082 3474
202494 3472
42894 3466
293517 3454
122746 3437
28086 3428
47147 3416
105362 3407
163822 3401
80566 3397
89717 3369
153197 3368
139444 3368
252801 3367
145421 3323
75413 3300
262235 3297
244919 3281
107319 3266
203928 3265
152650 3265
264226 3261
174602 3248
162422 3229
222263 3221
299210 3215
239779 3206
216961 3183
133563 3163
49095 3120
291357 3105
254887 3098
137654 3074
44791 3056
40930 3053
202335 3050
127681 3044
207838 3018
269480 3005
211230 3000
104887 2996
100031 2994
39555 2986
151624 2949
213945 2895
84776 2892
124008 2890
121739 2887
78308 2884
234489 2876
134910 2873
273686 2849
44067 2845
171494 2845
282919 2843
293673 2831
292277 2826
261749 2821
259602 2811
92360 2802
163618 2791
15515 2761
92045 2730
115542 2726
289888 2725
75192 2723
268402 2690
282191 2686
13810 2680
287918 2652
80185 2640
113564 2640
277593 2614
167197 2614
66497 2612
242188 2604
171129 2581
293355 2579
70193 2577
55900 2564
140128 2547
290807 2544
112988 2541
110504 2530
43622 2515
263202 2509
160384 2508
110755 2497
244003 2493
166455 2491
41811 2484
286502 2468
73896 2446
222514 2445
180358 2443
163690 2437
140146 2413
267181 2411
139087 2404
228659 2400
258296 2380
56456 2378
143774 2375
211915 2374
195747 2373
63027 2371
190627 2367
220003 2345
151712 2344
151793 2331
293680 2316
212812 2307
141938 2302
226635 2298
269140 2297
20072 2294
191168 2294
297040 2290
28530 2287
155805 2252
193072 2245
95049 2217
17522 2217
234706 2206
87313 2197
269199 2183
233459 2182
182240 2181
75067 2160
29071 2159
23709 2156
67267 2155
136299 2142
160259 2121
255490 2111
7986 2076
250449 2069
20533 2052
291412 2043
241984 2042
190816 2039
38482 2035
269769 2033
151171 2028
81321 2008
190525 2006
59112 1996
146049 1987
42765 1964
62693 1959
249441 1958
125410 1957
56748 1948
38425 1939
218817 1930
30951 1916
88811 1910
284769 1905
68439 1885
222105 1875
283513 1853
271764 1813
157326 1809
176985 1809
103325 1805
227848 1801
31881 1782
82950 1780
58230 1774
239738 1770
21567 1767
235687 1746
161178 1732
239656 1731
66295 1720
87263 1712
291662 1691
106732 1669
36601 1665
241653 1660
112240 1658
99527 1658
296391 1634
275281 1629
256543 1615
221317 1590
53309 1583
156669 1577
282718 1571
202008 1565
95269 1517
8529 1513
202147 1510
236919 1489
63457 1479
186904 1464
61130 1452
230122 1449
186870 1435
165606 1425
59181 1419
95578 1417
58796 1416
147017 1411
199200 1362
12435 1360
181565 1340
251533 1307
142353 1306
105686 1293
30899 1291
102848 1270
65510 1237
197151 1214
265300 1213
115310 1206
158328 1172
272582 1162
38016 1134
29712 1128
114924 1120
119279 1102
10333 1092
29264 1085
198648 1078
260524 1066
73501 1051
125072 1038
13099 1034
70328 1015
74414 997
177311 988
234600 982
48925 979
82314 971
199262 971
78846 960
45886 949
166655 945
133682 945
253208 939
28169 935
157023 933
78173 925
15722 921
157741 917
258509 897
150095 894
231854 891
187891 884
150149 883
238777 878
236485 872
207171 871
198296 871
149264 864
103979 842
97475 838
2154 813
253392 793
117970 789
75059 780
123257 776
199394 775
213748 765
124786 754
69998 752
168941 722
85929 715
220745 685
263657 671
97903 659
299717 649
244326 639
179559 618
19416 616
73502 613
151090 593
281313 584
296589 570
188936 569
161653 550
134259 545
187706 502
236304 489
8042 488
162767 463
143971 438
38082 433
183507 423
241291 411
60041 389
216268 359
36041 354
55782 345
59634 330
74575 325
226323 317
229572 306
220934 291
12019 281
114281 248
141663 232
42757 226
119433 224
193811 208
244208 201
284860 199
115130 197
218610 197
191819 189
148554 182
161980 174
143218 168
115985 167
214878 159
164535 133
112900 110
84995 108
142284 102
25016 89
45290 80
281946 69
81214 69
238747 35
224712 33
72419 22
53067 20
223388 17
50092 7
